$ANSIBLE_VAULT;1.1;AES256
66373066303431616334336364623062333736396364333736643933353733633333633732336164
6662346161666433356233643133633466613236343764630a656164353961663735373064333561
63623936643738653362653534326465623235353837363565323230653466366463626661633065
6466356666333662390a303838306533386135383831396231653266623834323035633338633566
37316265323763316632313863336533336432663930653664393564393661663432303138613932
61306338626432396434303966396662306564626161373931356431303135383933323165383432
35373030343336646439373632613465396261326235656233363131663864623334656631616530
33396430396533323930633330656265656662333663613539343863386130626363386333623361
35626263643236333739643163653861376463333565386137356531353431366262356661653465
61303166393537363461643036353030643362663331396163653130376261306131306466376438
38623734363438633864346435663961656463366139356539633761373461613766623738643464
34613665316536346339323761323337653931316664643861303239353762346162613632346164
62333537366533366335313564373236653032346632323664343966353539646237326339633134
36373933396164333365626639663731336266326430623932323066363863396635633035383433
39626431663161626131313363386362323734636561626338663265373563346161613834626235
65363163353530643836653830333739373935656634343236383134626565343530666431366362
63643530343461336139623064393536313663636466353032323339363965653761343365396539
38383864623761653164376334346366663965656131663738653337303864633535303565363637
66613831626166326365396536643961336635306435343430383938636431313933373563386439
35623662346339306166616666373535653337303937623535623766633031356135396462333937
31616566343839623763613735613935663838373432393631316265313336383238386639393234
66626334623961396262306165326235646531663863633464623161313537653565613537383666
38393831613764663530313962653862313563363933356537393339633562613065636563633130
61343632633030306164336537383137616531613430393238323838623438393135303534663064
65303763343931366233346538313339366138313162383134613233383564356166356534373966
6362393835396364333463636361633435383739613264646336
